0.09323589598992359
0.37294358395969435
0.8391230639093122
1.4917743358387774
2.33089739974809
3.356492255637249
4.568558903506256
5.9670973433551096
7.55210757518381
9.32358959899236
11.281543414780757
13.425969022548996
15.756866422297085
18.274235614025024
20.97807659773281
23.868389373420438
26.945173941087916
30.20843030073524
33.658158452362414
37.29435839596944
41.117030131556305
45.126173659123026
49.32178897866959
53.70387609019598
58.27243499370224
63.02746568918834
67.9689681766543
73.0969424561001
78.41138852752574
83.91230639093124
89.59969604631655
95.47355749368175
101.5338907330268
107.78069576435166
114.21397258765641
120.83372120294096
127.6399416102054
134.63263380944966
141.81179780067382
149.17743358387776
156.72954115906154
164.46812052622522
172.3931716853687
180.5046946364921
188.80268937959528
197.28715591467835
205.95809424174124
214.81550436078393
223.85938627180656
233.08973997480896
242.50656546979133
252.10986275675336
261.8996318356954
271.8758727066172
282.03858536951884
292.3877698244004
302.9234260712617
313.645554110103
324.554153940924
335.64922556372494
346.9307689785057
358.3987841852662
370.05327118400675
381.894229974727
393.92166055742723
406.1355629321072
418.5359370987671
431.12278305740665
443.8961008080262
456.85589035062566
470.0021516852048
483.33488481176386
496.8540897303028
510.5597664408216
524.45191494332
538.5305352377986
552.7956273242569
567.2471912026953
581.8852268731131
596.709734335511
611.7207135898888
626.9181646362462
642.3020874745836
657.8724821049009
673.629348527198
689.5726867414749
705.7024967477316
722.0187785459684
738.5215321361846
755.2107575183811
772.0864546925573
789.1486236587134
806.397264416849
823.832376966965
841.4539613090603
859.2620174431357
877.256545369191
895.4375450872262
913.8050165972413
932.3589598992359
