0
0
0
0
0
0
0
0
0
0
0
62
62
62
62
62
62
62
62
62
62
62
62
62
62
62
62
62
62
62
62
62
62
62
62
62
62
62
62
62
62
62
62
62
62
62
62
62
62
62
62
62
62
62
62
62
62
62
62
62
62
62
62
62
62
62
62
62
62
62
62
61
61
61
61
61
61
61
61
61
61
62
62
62
62
62
62
62
62
62
62
62
62
62
62
62
62
62
62
62
62
62
62
62
62
62
62
62
62
62
62
62
62
62
62
62
62
62
62
62
62
62
62
62
62
62
62
62
62
62
62
62
62
62
62
62
62
62
62
62
62
62
62
62
62
62
62
62
62
62
62
62
62
62
62
62
62
62
62
62
62
62
62
62
62
62
62
62
62
62
62
61
61
61
61
61
61
61
61
61
61
62
62
62
62
62
62
62
62
62
62
62
62
62
62
62
62
62
62
62
62
61
61
61
61
61
61
61
61
61
61
58
58
58
58
58
58
58
58
58
58
62
62
62
62
62
62
62
62
62
62
60
60
60
60
60
60
60
60
60
60
58
58
58
58
58
58
58
58
58
58
62
62
62
62
62
62
62
62
62
62
59
59
59
59
59
59
59
59
59
59
61
61
61
61
61
61
61
61
61
61
60
60
60
60
60
60
60
60
60
60
61
61
61
61
61
61
61
61
61
61
62
62
62
62
62
62
62
62
62
62
62
62
62
62
62
62
62
62
62
62
62
62
62
62
62
62
62
62
62
62
62
62
62
62
62
62
62
62
62
62
62
62
62
62
62
62
62
62
62
62
62
62
62
62
62
62
62
62
62
62
62
62
62
62
62
62
62
62
62
62
62
62
62
62
62
62
62
62
62
62
60
60
60
60
60
60
60
60
60
60
58
58
58
58
58
58
58
58
58
58
61
61
61
61
61
61
61
61
61
61
61
61
61
61
61
61
61
61
61
61
60
60
60
60
60
60
60
60
60
60
61
61
61
61
61
61
61
61
61
61
60
60
60
60
60
60
60
60
60
60
62
62
62
62
62
62
62
62
62
62
62
62
62
62
62
62
62
62
62
62
59
59
59
59
59
59
59
59
59
59
61
61
61
61
61
61
61
61
61
61
60
60
60
60
60
60
60
60
60
60
61
61
61
61
61
61
61
61
61
61
60
60
60
60
60
60
60
60
60
60
61
61
61
61
61
61
61
61
61
61
62
62
62
62
62
62
62
62
62
62
61
61
61
61
61
61
61
61
61
61
62
62
62
62
62
62
62
62
62
62
62
62
62
62
62
62
62
62
62
62
61
61
61
61
61
61
61
61
61
61
61
61
61
61
61
61
61
61
61
61
52
52
52
52
52
52
52
52
52
52
59
59
59
59
59
59
59
59
59
59
60
60
60
60
60
60
60
60
60
60
62
62
62
62
62
62
62
62
62
62
62
62
62
62
62
62
62
62
62
62
60
60
60
60
60
60
60
60
60
60
62
62
62
62
62
62
62
62
62
62
60
60
60
60
60
60
60
60
60
60
56
56
56
56
56
56
56
56
56
56
46
46
46
46
46
46
46
46
46
46
45
45
45
45
45
45
45
45
45
45
36
36
36
36
36
36
36
36
36
36
33
33
33
33
33
33
33
33
33
33
33
33
33
33
33
33
33
33
33
33
32
32
32
32
32
32
32
32
32
32
33
33
33
33
33
33
33
33
33
33
28
28
28
28
28
28
28
28
28
28
29
29
29
29
29
29
29
29
29
29
28
28
28
28
28
28
28
28
28
28
28
28
28
28
28
28
28
28
28
28
28
28
28
28
28
28
28
28
28
28
27
27
27
27
27
27
27
27
27
27
29
29
29
29
29
29
29
29
29
29
34
34
34
34
34
34
34
34
34
34
38
38
38
38
38
38
38
38
38
38
51
51
51
51
51
51
51
51
51
51
49
49
49
49
49
49
49
49
49
49
57
57
57
57
57
57
57
57
57
57
49
49
49
49
49
49
49
49
49
49
44
44
44
44
44
44
44
44
44
44
49
49
49
49
49
49
49
49
49
49
50
50
50
50
50
50
50
50
50
50
47
47
47
47
47
47
47
47
47
47
61
61
61
61
61
61
61
61
61
61
60
60
60
60
60
60
60
60
60
60
57
57
57
57
57
57
57
57
57
57
59
59
59
59
59
59
59
59
59
59
51
51
51
51
51
51
51
51
51
51
40
40
40
40
40
40
40
40
40
40
38
38
38
38
38
38
38
38
38
38
36
36
36
36
36
36
36
36
36
36
35
35
35
35
35
35
35
35
35
35
34
34
34
34
34
34
34
34
34
34
37
37
37
37
37
37
37
37
37
37
34
34
34
34
34
34
34
34
34
34
32
32
32
32
32
32
32
32
32
32
34
34
34
34
34
34
34
34
34
34
34
34
34
34
34
34
34
34
34
34
36
36
36
36
36
36
36
36
36
36
35
35
35
35
35
35
35
35
35
35
28
28
28
28
28
28
28
28
28
28
32
32
32
32
32
32
32
32
32
32
37
37
37
37
37
37
37
37
37
37
37
37
37
37
37
37
37
37
37
37
30
30
30
30
30
30
30
30
30
30
37
37
37
37
37
37
37
37
37
37
43
43
43
43
43
43
43
43
43
43
43
43
43
43
43
43
43
43
43
43
41
41
41
41
41
41
41
41
41
41
43
43
43
43
43
43
43
43
43
43
36
36
36
36
36
36
36
36
36
36
38
38
38
38
38
38
38
38
38
38
34
34
34
34
34
34
34
34
34
34
38
38
38
38
38
38
38
38
38
38
34
34
34
34
34
34
34
34
34
34
33
33
33
33
33
33
33
33
33
33
33
33
33
33
33
33
33
33
33
33
34
34
34
34
34
34
34
34
34
34
34
34
34
34
34
34
34
34
34
34
35
35
35
35
35
35
35
35
35
35
36
36
36
36
36
36
36
36
36
36
36
36
36
36
36
36
36
36
36
36
33
33
33
33
33
33
33
33
33
33
34
34
34
34
34
34
34
34
34
34
30
30
30
30
30
30
30
30
30
30
35
35
35
35
35
35
35
35
35
35
35
35
35
35
35
35
35
35
35
35
35
35
35
35
35
35
35
35
35
35
38
38
38
38
38
38
38
38
38
38
39
39
39
39
39
39
39
39
39
39
39
39
39
39
39
39
39
39
39
39
45
45
45
45
45
45
45
45
45
45
50
50
50
50
50
50
50
50
50
50
52
52
52
52
52
52
52
52
52
52
49
49
49
49
49
49
49
49
49
49
44
44
44
44
44
44
44
44
44
44
44
44
44
44
44
44
44
44
44
44
46
46
46
46
46
46
46
46
46
46
44
44
44
44
44
44
44
44
44
44
43
43
43
43
43
43
43
43
43
43
43
43
43
43
43
43
43
43
43
43
44
44
44
44
44
44
44
44
44
44
40
40
40
40
40
40
40
40
40
40
46
46
46
46
46
46
46
46
46
46
44
44
44
44
44
44
44
44
44
44
43
43
43
43
43
43
43
43
43
43
37
37
37
37
37
37
37
37
37
37
43
43
43
43
43
43
43
43
43
43
44
44
44
44
44
44
44
44
44
44
44
44
44
44
44
44
44
44
44
44
44
44
44
44
44
44
44
44
44
44
35
35
35
35
35
35
35
35
35
35
36
36
36
36
36
36
36
36
36
36
33
33
33
33
33
33
33
33
33
33
34
34
34
34
34
34
34
34
34
34
28
28
28
28
28
28
28
28
28
28
25
25
25
25
25
25
25
25
25
25
26
26
26
26
26
26
26
26
26
26
24
24
24
24
24
24
24
24
24
24
24
24
24
24
24
24
24
24
24
24
24
24
24
24
24
24
24
24
24
24
26
26
26
26
26
26
26
26
26
26
28
28
28
28
28
28
28
28
28
28
24
24
24
24
24
24
24
24
24
24
22
22
22
22
22
22
22
22
22
22
22
22
22
22
22
22
22
22
22
22
21
21
21
21
21
21
21
21
21
21
21
21
21
21
21
21
21
21
21
21
19
19
19
19
19
19
19
19
19
19
19
19
19
19
19
19
19
19
19
19
19
19
19
19
19
19
19
19
19
19
17
17
17
17
17
17
17
17
17
17
17
17
17
17
17
17
17
17
17
17
19
19
19
19
19
19
19
19
19
19
20
20
20
20
20
20
20
20
20
20
19
19
19
19
19
19
19
19
19
19
19
19
19
19
19
19
19
19
19
19
19
19
19
19
19
19
19
19
19
19
18
18
18
18
18
18
18
18
18
18
17
17
17
17
17
17
17
17
17
17
16
16
16
16
16
16
16
16
16
16
15
15
15
15
15
15
15
15
15
15
15
15
15
15
15
15
15
15
15
15
16
16
16
16
16
16
16
16
16
16
16
16
16
16
16
16
16
16
16
16
18
18
18
18
18
18
18
18
18
18
23
23
23
23
23
23
23
23
23
23
23
23
23
23
23
23
23
23
23
23
22
22
22
22
22
22
22
22
22
22
22
22
22
22
22
22
22
22
22
22
21
21
21
21
21
21
21
21
21
21
21
21
21
21
21
21
21
21
21
21
21
21
21
21
21
21
21
21
21
